1	20.3863	4.35639	1047.41	0.0640	0.600	0.00				0.000000	0.000000		0.00	Included	Search Peaks	28381.290000	0.007675
2	20.5348	4.32523	758.96	0.0640	0.600	0.00				0.000000	0.000000		0.00	Included	Search Peaks	28387.930000	0.007618
3	21.3687	4.15827	8911.19	0.0895	0.600	0.00				0.000000	0.000000		0.00	Included	Search Peaks	1464.763000	0.141944
4	21.9075	4.05722	345.71	0.0768	0.600	0.00				0.000000	0.000000		0.00	Included	Search Peaks	2180.166000	0.093048
5	22.6090	3.93289	9915.44	0.0640	0.600	0.00				0.000000	0.000000		0.00	Included	Search Peaks	28485.990000	0.006903
6	22.8094	3.89879	7193.38	0.0512	0.600	0.00				0.000000	0.000000		0.00	Included	Search Peaks	28495.990000	0.006841
7	23.4818	3.78865	190.44	0.0768	0.600	0.00				0.000000	0.000000		0.00	Included	Search Peaks	2174.089000	0.087132
8	24.2541	3.66973	4503.99	0.3326	0.600	0.00				0.000000	0.000000		0.00	Included	Search Peaks	280.649200	0.653793
9	25.1281	3.54403	2352.17	0.2558	0.600	0.00				0.000000	0.000000		0.00	Included	Search Peaks	370.392300	0.478416
10	25.5695	3.48385	640.94	0.0512	0.600	0.00				0.000000	0.000000		0.00	Included	Search Peaks	28643.460000	0.006081
11	26.0858	3.41605	19685.73	0.1407	0.600	0.00				0.000000	0.000000		0.00	Included	Search Peaks	733.419000	0.232885
12	27.0978	3.29073	1082.55	0.1535	0.600	0.00				0.000000	0.000000		0.00	Included	Search Peaks	659.945500	0.249318
13	27.3366	3.26252	307.65	0.0640	0.600	0.00				0.000000	0.000000		0.00	Included	Search Peaks	28747.470000	0.005674
14	27.7663	3.21301	583.45	0.0640	0.600	0.00				0.000000	0.000000		0.00	Included	Search Peaks	25011.260000	0.006423
15	28.5119	3.13066	15872.78	0.1407	0.600	0.00				0.000000	0.000000		0.00	Included	Search Peaks	736.689000	0.212482
16	29.3087	3.04734	15169.03	0.0895	0.600	0.00				0.000000	0.000000		0.00	Included	Search Peaks	1472.091000	0.103504
17	29.7355	3.00456	30988.90	0.1023	0.600	0.00				0.000000	0.000000		0.00	Included	Search Peaks	1157.121000	0.129829
18	30.6559	2.91642	15083.80	0.1791	0.600	0.00				0.000000	0.000000		0.00	Included	Search Peaks	554.712200	0.262877
19	30.9835	2.88632	11075.52	0.1535	0.600	0.00				0.000000	0.000000		0.00	Included	Search Peaks	665.261500	0.216931
20	31.9597	2.80036	2482.63	0.1791	0.600	0.00				0.000000	0.000000		0.00	Included	Search Peaks	556.407900	0.251646
21	32.2806	2.77325	2868.87	0.1791	0.600	0.00				0.000000	0.000000		0.00	Included	Search Peaks	556.840200	0.249016
22	33.3799	2.68439	6380.07	0.1279	0.600	0.00				0.000000	0.000000		0.00	Included	Search Peaks	842.159900	0.159375
23	34.7602	2.58089	180.54	0.1279	0.600	0.00				0.000000	0.000000		0.00	Included	Search Peaks	845.104100	0.152697
24	35.5124	2.52793	357.60	0.0768	0.600	0.00				0.000000	0.000000		0.00	Included	Search Peaks	2182.165000	0.057923
25	36.0230	2.49326	5021.25	0.0768	0.600	0.00				0.000000	0.000000		0.00	Included	Search Peaks	2184.659000	0.057063
26	36.8112	2.44167	41818.78	0.2303	0.600	0.00				0.000000	0.000000		0.00	Included	Search Peaks	426.399800	0.286312
27	37.7664	2.38011	1085.70	0.0936	0.600	0.00				0.000000	0.000000		0.00	Included	Search Peaks	4182.521000	0.028453
28	37.9393	2.37163	835.86	0.1279	0.600	0.00				0.000000	0.000000		0.00	Included	Search Peaks	852.656300	0.139073
29	38.5529	2.33528	33228.27	0.1535	0.600	0.00				0.000000	0.000000		0.00	Included	Search Peaks	678.777400	0.172021
30	39.1023	2.30372	487.94	0.8187	0.600	0.00				0.000000	0.000000		0.00	Included	Search Peaks	116.420800	0.989395
31	39.7645	2.26687	26401.44	0.1407	0.600	0.00				0.000000	0.000000		0.00	Included	Search Peaks	758.321600	0.149466
32	41.6470	2.16866	21195.13	0.1407	0.600	0.00				0.000000	0.000000		0.00	Included	Search Peaks	763.061000	0.142102
33	42.9080	2.10780	197.42	0.1023	0.600	0.00				0.000000	0.000000		0.00	Included	Search Peaks	1199.713000	0.087846
34	43.4528	2.08263	312.65	0.1279	0.600	0.00				0.000000	0.000000		0.00	Included	Search Peaks	868.456000	0.119904
35	44.3895	2.04083	7886.11	0.3070	0.600	0.00				0.000000	0.000000		0.00	Included	Search Peaks	322.007300	0.316892
36	45.0809	2.01113	166.70	0.2047	0.600	0.00				0.000000	0.000000		0.00	Included	Search Peaks	498.423000	0.201749
37	45.8563	1.97891	2574.22	0.2047	0.600	0.00				0.000000	0.000000		0.00	Included	Search Peaks	499.873800	0.197941
38	47.2625	1.92326	10861.75	0.1279	0.600	0.00				0.000000	0.000000		0.00	Included	Search Peaks	881.543900	0.109085
39	48.4728	1.87803	7377.03	0.3070	0.600	0.00				0.000000	0.000000		0.00	Included	Search Peaks	327.026500	0.287138
40	48.9367	1.86131	8173.30	0.1791	0.600	0.00				0.000000	0.000000		0.00	Included	Search Peaks	588.089500	0.158251
41	49.3502	1.84668	728.81	0.1279	0.600	0.00				0.000000	0.000000		0.00	Included	Search Peaks	889.532900	0.103800
42	50.3740	1.81152	3259.18	0.2558	0.600	0.00				0.000000	0.000000		0.00	Included	Search Peaks	399.506900	0.226720
43	51.2511	1.78256	3334.01	0.2047	0.600	0.00				0.000000	0.000000		0.00	Included	Search Peaks	510.980400	0.174426
44	51.7520	1.76502	13893.52	0.1872	0.600	0.00				0.000000	0.000000		0.00	Included	Search Peaks	553.658100	0.159396
45	51.9341	1.76363	7383.96	0.1248	0.600	0.00				0.000000	0.000000		0.00	Included	Search Peaks	1183.776000	0.074492
46	52.5521	1.74002	4170.84	0.2808	0.600	0.00				0.000000	0.000000		0.00	Included	Search Peaks	319.253200	0.272514
47	53.6394	1.70728	9493.65	0.2496	0.600	0.00				0.000000	0.000000		0.00	Included	Search Peaks	373.368500	0.228632
48	53.9361	1.69859	6926.31	0.1248	0.600	0.00				0.000000	0.000000		0.00	Included	Search Peaks	1197.762000	0.070907
49	54.9929	1.66842	42.62	0.3744	0.600	0.00				0.000000	0.000000		0.00	Included	Search Peaks	227.982000	0.365910
50	56.0388	1.63974	3043.09	0.2184	0.600	0.00				0.000000	0.000000		0.00	Included	Search Peaks	452.888100	0.181031
51	56.7926	1.61975	4403.79	0.1248	0.600	0.00				0.000000	0.000000		0.00	Included	Search Peaks	1225.198000	0.066101
52	56.9947	1.61849	1733.39	0.1248	0.600	0.00				0.000000	0.000000		0.00	Included	Search Peaks	1230.347000	0.065774
53	58.0668	1.58720	122.50	0.3744	0.600	0.00				0.000000	0.000000		0.00	Included	Search Peaks	231.589200	0.342676
54	58.9966	1.56438	4386.56	0.2808	0.600	0.00				0.000000	0.000000		0.00	Included	Search Peaks	330.170900	0.236905
55	59.7899	1.54551	155.39	0.3120	0.600	0.00				0.000000	0.000000		0.00	Included	Search Peaks	290.892400	0.265650
56	60.3061	1.53351	30.08	0.1560	0.600	0.00				0.000000	0.000000		0.00	Included	Search Peaks	787.767600	0.097332
57	61.7492	1.50109	273.31	0.3120	0.600	0.00				0.000000	0.000000		0.00	Included	Search Peaks	294.225200	0.255092
58	62.5483	1.48382	279.88	0.3120	0.600	0.00				0.000000	0.000000		0.00	Included	Search Peaks	295.642300	0.250948
59	63.3167	1.46765	1859.89	0.1560	0.600	0.00				0.000000	0.000000		0.00	Included	Search Peaks	806.644700	0.090972
60	63.8563	1.45654	2580.32	0.2184	0.600	0.00				0.000000	0.000000		0.00	Included	Search Peaks	475.448800	0.153175
61	64.5230	1.44309	1576.98	0.1560	0.600	0.00				0.000000	0.000000		0.00	Included	Search Peaks	814.884500	0.088546
62	65.0067	1.43352	605.26	0.3120	0.600	0.00				0.000000	0.000000		0.00	Included	Search Peaks	300.222200	0.238743
63	65.7453	1.41919	2105.99	0.3744	0.600	0.00				0.000000	0.000000		0.00	Included	Search Peaks	242.159100	0.293028
64	66.4697	1.40547	1928.70	0.1248	0.600	0.00				0.000000	0.000000		0.00	Included	Search Peaks	1355.129000	0.051857
65	66.8781	1.39788	2483.06	0.1560	0.600	0.00				0.000000	0.000000		0.00	Included	Search Peaks	832.198400	0.083987
66	68.1568	1.37473	3778.93	0.1872	0.600	0.00				0.000000	0.000000		0.00	Included	Search Peaks	617.512200	0.111312
67	68.3655	1.37104	5335.58	0.1560	0.600	0.00				0.000000	0.000000		0.00	Included	Search Peaks	844.034300	0.081220
68	68.7494	1.36432	6512.18	0.1872	0.600	0.00				0.000000	0.000000		0.00	Included	Search Peaks	620.610200	0.109918
69	68.9659	1.36395	3181.42	0.1248	0.600	0.00				0.000000	0.000000		0.00	Included	Search Peaks	1404.480000	0.048557
70	70.1315	1.34078	3516.96	0.2184	0.600	0.00				0.000000	0.000000		0.00	Included	Search Peaks	498.403200	0.134508
71	72.3570	1.30492	1469.42	0.2184	0.600	0.00				0.000000	0.000000		0.00	Included	Search Peaks	507.791800	0.128490
72	72.7830	1.29833	4960.47	0.1248	0.600	0.00				0.000000	0.000000		0.00	Included	Search Peaks	1484.994000	0.043715
73	72.9864	1.29843	2303.87	0.1872	0.600	0.00				0.000000	0.000000		0.00	Included	Search Peaks	646.453300	0.100427
74	73.4042	1.28887	549.28	0.1248	0.600	0.00				0.000000	0.000000		0.00	Included	Search Peaks	1500.550000	0.042947
75	73.9533	1.28065	3486.66	0.1560	0.600	0.00				0.000000	0.000000		0.00	Included	Search Peaks	895.771200	0.071483
76	74.1852	1.28040	1601.86	0.1560	0.600	0.00				0.000000	0.000000		0.00	Included	Search Peaks	900.431900	0.071099
77	75.9197	1.25230	1760.46	0.1872	0.600	0.00				0.000000	0.000000		0.00	Included	Search Peaks	664.033300	0.094295
78	76.7596	1.24067	1548.17	0.1872	0.600	0.00				0.000000	0.000000		0.00	Included	Search Peaks	669.933200	0.092597
79	78.5774	1.21646	1843.19	0.2496	0.600	0.00				0.000000	0.000000		0.00	Included	Search Peaks	445.465800	0.136538
80	78.9518	1.21163	1918.35	0.1872	0.600	0.00				0.000000	0.000000		0.00	Included	Search Peaks	686.270900	0.088276
81	79.2483	1.21084	1130.64	0.1560	0.600	0.00				0.000000	0.000000		0.00	Included	Search Peaks	960.419500	0.063037